title_i,title_j,cosine_similarity
CMB lensing tomography with the DES Science Verification galaxies,A Measurement of the Cosmic Microwave Background Lensing Potential and Power Spectrum from 500 deg<sup>2</sup> of SPTpol Temperature and Polarization Data,0.738575
CMB lensing tomography with the DES Science Verification galaxies,Constraints on Cosmological Parameters from the 500 deg<sup>2</sup> SPTPOL Lensing Power Spectrum,0.733465
CMB lensing tomography with the DES Science Verification galaxies,A 2500 deg<sup>2</sup> CMB Lensing Map from Combined South Pole Telescope and Planck Data,0.821717
CMB lensing tomography with the DES Science Verification galaxies,Searching for anisotropic cosmic birefringence with polarization data from SPTpol,0.538579
CMB lensing tomography with the DES Science Verification galaxies,PROSPECTS FOR DELENSING THE COSMIC MICROWAVE BACKGROUND FOR STUDYING INFLATION,0.662609
CMB lensing tomography with the DES Science Verification galaxies,Cross-correlation of gravitational lensing from DES Science Verification data with SPT and<i>Planck</i>lensing,0.016091
CMB lensing tomography with the DES Science Verification galaxies,"Dark Energy Survey Year 1 Results: Tomographic cross-correlations between Dark Energy Survey galaxies and CMB lensing from South Pole <mml:math xmlns:mml=""http://www.w3.org/1998/Math/MathML"" display=""inline""><mml:mrow><mml:mi>Telescope</mml:mi><mml:mo>+</mml:mo><mml:mi>Planck</mml:mi></mml:mrow></mml:math>",0.91438
CMB lensing tomography with the DES Science Verification galaxies,Constraints on Cosmological Parameters from the Angular Power Spectrum of a Combined 2500 deg<sup>2</sup> SPT-SZ and Planck Gravitational Lensing Map,0.765054
CMB lensing tomography with the DES Science Verification galaxies,"Dark Energy Survey Year 1 Results: Cross-correlation between Dark Energy Survey Y1 galaxy weak lensing and South Pole Telescope<mml:math xmlns:mml=""http://www.w3.org/1998/Math/MathML"" display=""inline""><mml:mrow><mml:mo>+</mml:mo><mml:mrow><mml:mi>P</mml:mi><mml:mi>l</mml:mi><mml:mi>a</mml:mi><mml:mi>n</mml:mi><mml:mi>c</mml:mi><mml:mi>k</mml:mi></mml:mrow></mml:mrow></mml:math> CMB weak lensing",0.869103
CMB lensing tomography with the DES Science Verification galaxies,Large electronic bandwidth in solution-processable pyrene crystals: The role of close-packed crystal structure,0.003717
CMB lensing tomography with the DES Science Verification galaxies,Low Loss Superconducting Microstrip Development at Argonne National Lab,0.275691
CMB lensing tomography with the DES Science Verification galaxies,Distribution automation: Applications to move from today's distribution system to tomorrow's smartgrid,0.065171
CMB lensing tomography with the DES Science Verification galaxies,Presentation of an approach based on EMTP for the calcula- tion of lightning induced overvoltages,-0.005752
CMB lensing tomography with the DES Science Verification galaxies,Hydro-Qu补c's Economic and Technical Approach to Justify its Distribution Automation Program,0.004101
CMB lensing tomography with the DES Science Verification galaxies,Case study of the impact of a magnetic storm on a Hydro-Qu&amp;#x00E9;bec distribution feeder,0.020765
CMB lensing tomography with the DES Science Verification galaxies,"Distribution voltage quality at Hydro-Quebec: an integrated approach to control under voltage, overload and losses",0.002892
CMB lensing tomography with the DES Science Verification galaxies,CCDC 703228: Experimental Crystal Structure Determination,0.037942
CMB lensing tomography with the DES Science Verification galaxies,CCDC 703229: Experimental Crystal Structure Determination,0.037942
A Measurement of the Cosmic Microwave Background Lensing Potential and Power Spectrum from 500 deg<sup>2</sup> of SPTpol Temperature and Polarization Data,Constraints on Cosmological Parameters from the 500 deg<sup>2</sup> SPTPOL Lensing Power Spectrum,0.782789
A Measurement of the Cosmic Microwave Background Lensing Potential and Power Spectrum from 500 deg<sup>2</sup> of SPTpol Temperature and Polarization Data,A 2500 deg<sup>2</sup> CMB Lensing Map from Combined South Pole Telescope and Planck Data,0.836425
A Measurement of the Cosmic Microwave Background Lensing Potential and Power Spectrum from 500 deg<sup>2</sup> of SPTpol Temperature and Polarization Data,Searching for anisotropic cosmic birefringence with polarization data from SPTpol,0.641077
A Measurement of the Cosmic Microwave Background Lensing Potential and Power Spectrum from 500 deg<sup>2</sup> of SPTpol Temperature and Polarization Data,PROSPECTS FOR DELENSING THE COSMIC MICROWAVE BACKGROUND FOR STUDYING INFLATION,0.659439
A Measurement of the Cosmic Microwave Background Lensing Potential and Power Spectrum from 500 deg<sup>2</sup> of SPTpol Temperature and Polarization Data,Cross-correlation of gravitational lensing from DES Science Verification data with SPT and<i>Planck</i>lensing,0.005386
A Measurement of the Cosmic Microwave Background Lensing Potential and Power Spectrum from 500 deg<sup>2</sup> of SPTpol Temperature and Polarization Data,"Dark Energy Survey Year 1 Results: Tomographic cross-correlations between Dark Energy Survey galaxies and CMB lensing from South Pole <mml:math xmlns:mml=""http://www.w3.org/1998/Math/MathML"" display=""inline""><mml:mrow><mml:mi>Telescope</mml:mi><mml:mo>+</mml:mo><mml:mi>Planck</mml:mi></mml:mrow></mml:math>",0.732585
A Measurement of the Cosmic Microwave Background Lensing Potential and Power Spectrum from 500 deg<sup>2</sup> of SPTpol Temperature and Polarization Data,Constraints on Cosmological Parameters from the Angular Power Spectrum of a Combined 2500 deg<sup>2</sup> SPT-SZ and Planck Gravitational Lensing Map,0.856948
A Measurement of the Cosmic Microwave Background Lensing Potential and Power Spectrum from 500 deg<sup>2</sup> of SPTpol Temperature and Polarization Data,"Dark Energy Survey Year 1 Results: Cross-correlation between Dark Energy Survey Y1 galaxy weak lensing and South Pole Telescope<mml:math xmlns:mml=""http://www.w3.org/1998/Math/MathML"" display=""inline""><mml:mrow><mml:mo>+</mml:mo><mml:mrow><mml:mi>P</mml:mi><mml:mi>l</mml:mi><mml:mi>a</mml:mi><mml:mi>n</mml:mi><mml:mi>c</mml:mi><mml:mi>k</mml:mi></mml:mrow></mml:mrow></mml:math> CMB weak lensing",0.784357
A Measurement of the Cosmic Microwave Background Lensing Potential and Power Spectrum from 500 deg<sup>2</sup> of SPTpol Temperature and Polarization Data,Large electronic bandwidth in solution-processable pyrene crystals: The role of close-packed crystal structure,0.024393
A Measurement of the Cosmic Microwave Background Lensing Potential and Power Spectrum from 500 deg<sup>2</sup> of SPTpol Temperature and Polarization Data,Low Loss Superconducting Microstrip Development at Argonne National Lab,0.377732
A Measurement of the Cosmic Microwave Background Lensing Potential and Power Spectrum from 500 deg<sup>2</sup> of SPTpol Temperature and Polarization Data,Distribution automation: Applications to move from today's distribution system to tomorrow's smartgrid,0.060114
A Measurement of the Cosmic Microwave Background Lensing Potential and Power Spectrum from 500 deg<sup>2</sup> of SPTpol Temperature and Polarization Data,Presentation of an approach based on EMTP for the calcula- tion of lightning induced overvoltages,0.073318
A Measurement of the Cosmic Microwave Background Lensing Potential and Power Spectrum from 500 deg<sup>2</sup> of SPTpol Temperature and Polarization Data,Hydro-Qu补c's Economic and Technical Approach to Justify its Distribution Automation Program,0.003449
A Measurement of the Cosmic Microwave Background Lensing Potential and Power Spectrum from 500 deg<sup>2</sup> of SPTpol Temperature and Polarization Data,Case study of the impact of a magnetic storm on a Hydro-Qu&amp;#x00E9;bec distribution feeder,0.099461
A Measurement of the Cosmic Microwave Background Lensing Potential and Power Spectrum from 500 deg<sup>2</sup> of SPTpol Temperature and Polarization Data,"Distribution voltage quality at Hydro-Quebec: an integrated approach to control under voltage, overload and losses",-0.019304
A Measurement of the Cosmic Microwave Background Lensing Potential and Power Spectrum from 500 deg<sup>2</sup> of SPTpol Temperature and Polarization Data,CCDC 703228: Experimental Crystal Structure Determination,0.071623
A Measurement of the Cosmic Microwave Background Lensing Potential and Power Spectrum from 500 deg<sup>2</sup> of SPTpol Temperature and Polarization Data,CCDC 703229: Experimental Crystal Structure Determination,0.071623
Constraints on Cosmological Parameters from the 500 deg<sup>2</sup> SPTPOL Lensing Power Spectrum,A 2500 deg<sup>2</sup> CMB Lensing Map from Combined South Pole Telescope and Planck Data,0.802198
Constraints on Cosmological Parameters from the 500 deg<sup>2</sup> SPTPOL Lensing Power Spectrum,Searching for anisotropic cosmic birefringence with polarization data from SPTpol,0.504876
Constraints on Cosmological Parameters from the 500 deg<sup>2</sup> SPTPOL Lensing Power Spectrum,PROSPECTS FOR DELENSING THE COSMIC MICROWAVE BACKGROUND FOR STUDYING INFLATION,0.674953
Constraints on Cosmological Parameters from the 500 deg<sup>2</sup> SPTPOL Lensing Power Spectrum,Cross-correlation of gravitational lensing from DES Science Verification data with SPT and<i>Planck</i>lensing,-0.037579
Constraints on Cosmological Parameters from the 500 deg<sup>2</sup> SPTPOL Lensing Power Spectrum,"Dark Energy Survey Year 1 Results: Tomographic cross-correlations between Dark Energy Survey galaxies and CMB lensing from South Pole <mml:math xmlns:mml=""http://www.w3.org/1998/Math/MathML"" display=""inline""><mml:mrow><mml:mi>Telescope</mml:mi><mml:mo>+</mml:mo><mml:mi>Planck</mml:mi></mml:mrow></mml:math>",0.752709
Constraints on Cosmological Parameters from the 500 deg<sup>2</sup> SPTPOL Lensing Power Spectrum,Constraints on Cosmological Parameters from the Angular Power Spectrum of a Combined 2500 deg<sup>2</sup> SPT-SZ and Planck Gravitational Lensing Map,0.856262
Constraints on Cosmological Parameters from the 500 deg<sup>2</sup> SPTPOL Lensing Power Spectrum,"Dark Energy Survey Year 1 Results: Cross-correlation between Dark Energy Survey Y1 galaxy weak lensing and South Pole Telescope<mml:math xmlns:mml=""http://www.w3.org/1998/Math/MathML"" display=""inline""><mml:mrow><mml:mo>+</mml:mo><mml:mrow><mml:mi>P</mml:mi><mml:mi>l</mml:mi><mml:mi>a</mml:mi><mml:mi>n</mml:mi><mml:mi>c</mml:mi><mml:mi>k</mml:mi></mml:mrow></mml:mrow></mml:math> CMB weak lensing",0.782415
Constraints on Cosmological Parameters from the 500 deg<sup>2</sup> SPTPOL Lensing Power Spectrum,Large electronic bandwidth in solution-processable pyrene crystals: The role of close-packed crystal structure,-0.033299
Constraints on Cosmological Parameters from the 500 deg<sup>2</sup> SPTPOL Lensing Power Spectrum,Low Loss Superconducting Microstrip Development at Argonne National Lab,0.269926
Constraints on Cosmological Parameters from the 500 deg<sup>2</sup> SPTPOL Lensing Power Spectrum,Distribution automation: Applications to move from today's distribution system to tomorrow's smartgrid,0.028419
Constraints on Cosmological Parameters from the 500 deg<sup>2</sup> SPTPOL Lensing Power Spectrum,Presentation of an approach based on EMTP for the calcula- tion of lightning induced overvoltages,0.000587
Constraints on Cosmological Parameters from the 500 deg<sup>2</sup> SPTPOL Lensing Power Spectrum,Hydro-Qu补c's Economic and Technical Approach to Justify its Distribution Automation Program,-0.029836
Constraints on Cosmological Parameters from the 500 deg<sup>2</sup> SPTPOL Lensing Power Spectrum,Case study of the impact of a magnetic storm on a Hydro-Qu&amp;#x00E9;bec distribution feeder,0.02819
Constraints on Cosmological Parameters from the 500 deg<sup>2</sup> SPTPOL Lensing Power Spectrum,"Distribution voltage quality at Hydro-Quebec: an integrated approach to control under voltage, overload and losses",0.004457
Constraints on Cosmological Parameters from the 500 deg<sup>2</sup> SPTPOL Lensing Power Spectrum,CCDC 703228: Experimental Crystal Structure Determination,0.0571
Constraints on Cosmological Parameters from the 500 deg<sup>2</sup> SPTPOL Lensing Power Spectrum,CCDC 703229: Experimental Crystal Structure Determination,0.0571
A 2500 deg<sup>2</sup> CMB Lensing Map from Combined South Pole Telescope and Planck Data,Searching for anisotropic cosmic birefringence with polarization data from SPTpol,0.553501
A 2500 deg<sup>2</sup> CMB Lensing Map from Combined South Pole Telescope and Planck Data,PROSPECTS FOR DELENSING THE COSMIC MICROWAVE BACKGROUND FOR STUDYING INFLATION,0.673629
A 2500 deg<sup>2</sup> CMB Lensing Map from Combined South Pole Telescope and Planck Data,Cross-correlation of gravitational lensing from DES Science Verification data with SPT and<i>Planck</i>lensing,0.031198
A 2500 deg<sup>2</sup> CMB Lensing Map from Combined South Pole Telescope and Planck Data,"Dark Energy Survey Year 1 Results: Tomographic cross-correlations between Dark Energy Survey galaxies and CMB lensing from South Pole <mml:math xmlns:mml=""http://www.w3.org/1998/Math/MathML"" display=""inline""><mml:mrow><mml:mi>Telescope</mml:mi><mml:mo>+</mml:mo><mml:mi>Planck</mml:mi></mml:mrow></mml:math>",0.852434
A 2500 deg<sup>2</sup> CMB Lensing Map from Combined South Pole Telescope and Planck Data,Constraints on Cosmological Parameters from the Angular Power Spectrum of a Combined 2500 deg<sup>2</sup> SPT-SZ and Planck Gravitational Lensing Map,0.91281
A 2500 deg<sup>2</sup> CMB Lensing Map from Combined South Pole Telescope and Planck Data,"Dark Energy Survey Year 1 Results: Cross-correlation between Dark Energy Survey Y1 galaxy weak lensing and South Pole Telescope<mml:math xmlns:mml=""http://www.w3.org/1998/Math/MathML"" display=""inline""><mml:mrow><mml:mo>+</mml:mo><mml:mrow><mml:mi>P</mml:mi><mml:mi>l</mml:mi><mml:mi>a</mml:mi><mml:mi>n</mml:mi><mml:mi>c</mml:mi><mml:mi>k</mml:mi></mml:mrow></mml:mrow></mml:math> CMB weak lensing",0.862658
A 2500 deg<sup>2</sup> CMB Lensing Map from Combined South Pole Telescope and Planck Data,Large electronic bandwidth in solution-processable pyrene crystals: The role of close-packed crystal structure,0.010407
A 2500 deg<sup>2</sup> CMB Lensing Map from Combined South Pole Telescope and Planck Data,Low Loss Superconducting Microstrip Development at Argonne National Lab,0.268339
A 2500 deg<sup>2</sup> CMB Lensing Map from Combined South Pole Telescope and Planck Data,Distribution automation: Applications to move from today's distribution system to tomorrow's smartgrid,0.09796
A 2500 deg<sup>2</sup> CMB Lensing Map from Combined South Pole Telescope and Planck Data,Presentation of an approach based on EMTP for the calcula- tion of lightning induced overvoltages,0.030486
A 2500 deg<sup>2</sup> CMB Lensing Map from Combined South Pole Telescope and Planck Data,Hydro-Qu补c's Economic and Technical Approach to Justify its Distribution Automation Program,0.010225
A 2500 deg<sup>2</sup> CMB Lensing Map from Combined South Pole Telescope and Planck Data,Case study of the impact of a magnetic storm on a Hydro-Qu&amp;#x00E9;bec distribution feeder,0.074935
A 2500 deg<sup>2</sup> CMB Lensing Map from Combined South Pole Telescope and Planck Data,"Distribution voltage quality at Hydro-Quebec: an integrated approach to control under voltage, overload and losses",0.006141
A 2500 deg<sup>2</sup> CMB Lensing Map from Combined South Pole Telescope and Planck Data,CCDC 703228: Experimental Crystal Structure Determination,0.053979
A 2500 deg<sup>2</sup> CMB Lensing Map from Combined South Pole Telescope and Planck Data,CCDC 703229: Experimental Crystal Structure Determination,0.053979
Searching for anisotropic cosmic birefringence with polarization data from SPTpol,PROSPECTS FOR DELENSING THE COSMIC MICROWAVE BACKGROUND FOR STUDYING INFLATION,0.571932
Searching for anisotropic cosmic birefringence with polarization data from SPTpol,Cross-correlation of gravitational lensing from DES Science Verification data with SPT and<i>Planck</i>lensing,0.074399
Searching for anisotropic cosmic birefringence with polarization data from SPTpol,"Dark Energy Survey Year 1 Results: Tomographic cross-correlations between Dark Energy Survey galaxies and CMB lensing from South Pole <mml:math xmlns:mml=""http://www.w3.org/1998/Math/MathML"" display=""inline""><mml:mrow><mml:mi>Telescope</mml:mi><mml:mo>+</mml:mo><mml:mi>Planck</mml:mi></mml:mrow></mml:math>",0.574291
Searching for anisotropic cosmic birefringence with polarization data from SPTpol,Constraints on Cosmological Parameters from the Angular Power Spectrum of a Combined 2500 deg<sup>2</sup> SPT-SZ and Planck Gravitational Lensing Map,0.577273
Searching for anisotropic cosmic birefringence with polarization data from SPTpol,"Dark Energy Survey Year 1 Results: Cross-correlation between Dark Energy Survey Y1 galaxy weak lensing and South Pole Telescope<mml:math xmlns:mml=""http://www.w3.org/1998/Math/MathML"" display=""inline""><mml:mrow><mml:mo>+</mml:mo><mml:mrow><mml:mi>P</mml:mi><mml:mi>l</mml:mi><mml:mi>a</mml:mi><mml:mi>n</mml:mi><mml:mi>c</mml:mi><mml:mi>k</mml:mi></mml:mrow></mml:mrow></mml:math> CMB weak lensing",0.533448
Searching for anisotropic cosmic birefringence with polarization data from SPTpol,Large electronic bandwidth in solution-processable pyrene crystals: The role of close-packed crystal structure,-0.006463
Searching for anisotropic cosmic birefringence with polarization data from SPTpol,Low Loss Superconducting Microstrip Development at Argonne National Lab,0.321934
Searching for anisotropic cosmic birefringence with polarization data from SPTpol,Distribution automation: Applications to move from today's distribution system to tomorrow's smartgrid,0.039723
Searching for anisotropic cosmic birefringence with polarization data from SPTpol,Presentation of an approach based on EMTP for the calcula- tion of lightning induced overvoltages,0.022517
Searching for anisotropic cosmic birefringence with polarization data from SPTpol,Hydro-Qu补c's Economic and Technical Approach to Justify its Distribution Automation Program,0.024279
Searching for anisotropic cosmic birefringence with polarization data from SPTpol,Case study of the impact of a magnetic storm on a Hydro-Qu&amp;#x00E9;bec distribution feeder,0.158916
Searching for anisotropic cosmic birefringence with polarization data from SPTpol,"Distribution voltage quality at Hydro-Quebec: an integrated approach to control under voltage, overload and losses",0.024676
Searching for anisotropic cosmic birefringence with polarization data from SPTpol,CCDC 703228: Experimental Crystal Structure Determination,0.04934
Searching for anisotropic cosmic birefringence with polarization data from SPTpol,CCDC 703229: Experimental Crystal Structure Determination,0.04934
PROSPECTS FOR DELENSING THE COSMIC MICROWAVE BACKGROUND FOR STUDYING INFLATION,Cross-correlation of gravitational lensing from DES Science Verification data with SPT and<i>Planck</i>lensing,0.041251
PROSPECTS FOR DELENSING THE COSMIC MICROWAVE BACKGROUND FOR STUDYING INFLATION,"Dark Energy Survey Year 1 Results: Tomographic cross-correlations between Dark Energy Survey galaxies and CMB lensing from South Pole <mml:math xmlns:mml=""http://www.w3.org/1998/Math/MathML"" display=""inline""><mml:mrow><mml:mi>Telescope</mml:mi><mml:mo>+</mml:mo><mml:mi>Planck</mml:mi></mml:mrow></mml:math>",0.677864
PROSPECTS FOR DELENSING THE COSMIC MICROWAVE BACKGROUND FOR STUDYING INFLATION,Constraints on Cosmological Parameters from the Angular Power Spectrum of a Combined 2500 deg<sup>2</sup> SPT-SZ and Planck Gravitational Lensing Map,0.688761
PROSPECTS FOR DELENSING THE COSMIC MICROWAVE BACKGROUND FOR STUDYING INFLATION,"Dark Energy Survey Year 1 Results: Cross-correlation between Dark Energy Survey Y1 galaxy weak lensing and South Pole Telescope<mml:math xmlns:mml=""http://www.w3.org/1998/Math/MathML"" display=""inline""><mml:mrow><mml:mo>+</mml:mo><mml:mrow><mml:mi>P</mml:mi><mml:mi>l</mml:mi><mml:mi>a</mml:mi><mml:mi>n</mml:mi><mml:mi>c</mml:mi><mml:mi>k</mml:mi></mml:mrow></mml:mrow></mml:math> CMB weak lensing",0.681752
PROSPECTS FOR DELENSING THE COSMIC MICROWAVE BACKGROUND FOR STUDYING INFLATION,Large electronic bandwidth in solution-processable pyrene crystals: The role of close-packed crystal structure,0.022275
PROSPECTS FOR DELENSING THE COSMIC MICROWAVE BACKGROUND FOR STUDYING INFLATION,Low Loss Superconducting Microstrip Development at Argonne National Lab,0.325862
PROSPECTS FOR DELENSING THE COSMIC MICROWAVE BACKGROUND FOR STUDYING INFLATION,Distribution automation: Applications to move from today's distribution system to tomorrow's smartgrid,-0.017874
PROSPECTS FOR DELENSING THE COSMIC MICROWAVE BACKGROUND FOR STUDYING INFLATION,Presentation of an approach based on EMTP for the calcula- tion of lightning induced overvoltages,-0.034069
PROSPECTS FOR DELENSING THE COSMIC MICROWAVE BACKGROUND FOR STUDYING INFLATION,Hydro-Qu补c's Economic and Technical Approach to Justify its Distribution Automation Program,-0.04204
PROSPECTS FOR DELENSING THE COSMIC MICROWAVE BACKGROUND FOR STUDYING INFLATION,Case study of the impact of a magnetic storm on a Hydro-Qu&amp;#x00E9;bec distribution feeder,0.030544
PROSPECTS FOR DELENSING THE COSMIC MICROWAVE BACKGROUND FOR STUDYING INFLATION,"Distribution voltage quality at Hydro-Quebec: an integrated approach to control under voltage, overload and losses",-0.009956
PROSPECTS FOR DELENSING THE COSMIC MICROWAVE BACKGROUND FOR STUDYING INFLATION,CCDC 703228: Experimental Crystal Structure Determination,0.015651
PROSPECTS FOR DELENSING THE COSMIC MICROWAVE BACKGROUND FOR STUDYING INFLATION,CCDC 703229: Experimental Crystal Structure Determination,0.015651
Cross-correlation of gravitational lensing from DES Science Verification data with SPT and<i>Planck</i>lensing,"Dark Energy Survey Year 1 Results: Tomographic cross-correlations between Dark Energy Survey galaxies and CMB lensing from South Pole <mml:math xmlns:mml=""http://www.w3.org/1998/Math/MathML"" display=""inline""><mml:mrow><mml:mi>Telescope</mml:mi><mml:mo>+</mml:mo><mml:mi>Planck</mml:mi></mml:mrow></mml:math>",0.041908
Cross-correlation of gravitational lensing from DES Science Verification data with SPT and<i>Planck</i>lensing,Constraints on Cosmological Parameters from the Angular Power Spectrum of a Combined 2500 deg<sup>2</sup> SPT-SZ and Planck Gravitational Lensing Map,-0.002475
Cross-correlation of gravitational lensing from DES Science Verification data with SPT and<i>Planck</i>lensing,"Dark Energy Survey Year 1 Results: Cross-correlation between Dark Energy Survey Y1 galaxy weak lensing and South Pole Telescope<mml:math xmlns:mml=""http://www.w3.org/1998/Math/MathML"" display=""inline""><mml:mrow><mml:mo>+</mml:mo><mml:mrow><mml:mi>P</mml:mi><mml:mi>l</mml:mi><mml:mi>a</mml:mi><mml:mi>n</mml:mi><mml:mi>c</mml:mi><mml:mi>k</mml:mi></mml:mrow></mml:mrow></mml:math> CMB weak lensing",-0.012022
Cross-correlation of gravitational lensing from DES Science Verification data with SPT and<i>Planck</i>lensing,Large electronic bandwidth in solution-processable pyrene crystals: The role of close-packed crystal structure,-0.047621
Cross-correlation of gravitational lensing from DES Science Verification data with SPT and<i>Planck</i>lensing,Low Loss Superconducting Microstrip Development at Argonne National Lab,-0.058924
Cross-correlation of gravitational lensing from DES Science Verification data with SPT and<i>Planck</i>lensing,Distribution automation: Applications to move from today's distribution system to tomorrow's smartgrid,0.070049
Cross-correlation of gravitational lensing from DES Science Verification data with SPT and<i>Planck</i>lensing,Presentation of an approach based on EMTP for the calcula- tion of lightning induced overvoltages,0.040134
Cross-correlation of gravitational lensing from DES Science Verification data with SPT and<i>Planck</i>lensing,Hydro-Qu补c's Economic and Technical Approach to Justify its Distribution Automation Program,0.114194
Cross-correlation of gravitational lensing from DES Science Verification data with SPT and<i>Planck</i>lensing,Case study of the impact of a magnetic storm on a Hydro-Qu&amp;#x00E9;bec distribution feeder,0.098034
Cross-correlation of gravitational lensing from DES Science Verification data with SPT and<i>Planck</i>lensing,"Distribution voltage quality at Hydro-Quebec: an integrated approach to control under voltage, overload and losses",0.028959
Cross-correlation of gravitational lensing from DES Science Verification data with SPT and<i>Planck</i>lensing,CCDC 703228: Experimental Crystal Structure Determination,-0.021763
Cross-correlation of gravitational lensing from DES Science Verification data with SPT and<i>Planck</i>lensing,CCDC 703229: Experimental Crystal Structure Determination,-0.021763
"Dark Energy Survey Year 1 Results: Tomographic cross-correlations between Dark Energy Survey galaxies and CMB lensing from South Pole <mml:math xmlns:mml=""http://www.w3.org/1998/Math/MathML"" display=""inline""><mml:mrow><mml:mi>Telescope</mml:mi><mml:mo>+</mml:mo><mml:mi>Planck</mml:mi></mml:mrow></mml:math>",Constraints on Cosmological Parameters from the Angular Power Spectrum of a Combined 2500 deg<sup>2</sup> SPT-SZ and Planck Gravitational Lensing Map,0.797061
"Dark Energy Survey Year 1 Results: Tomographic cross-correlations between Dark Energy Survey galaxies and CMB lensing from South Pole <mml:math xmlns:mml=""http://www.w3.org/1998/Math/MathML"" display=""inline""><mml:mrow><mml:mi>Telescope</mml:mi><mml:mo>+</mml:mo><mml:mi>Planck</mml:mi></mml:mrow></mml:math>","Dark Energy Survey Year 1 Results: Cross-correlation between Dark Energy Survey Y1 galaxy weak lensing and South Pole Telescope<mml:math xmlns:mml=""http://www.w3.org/1998/Math/MathML"" display=""inline""><mml:mrow><mml:mo>+</mml:mo><mml:mrow><mml:mi>P</mml:mi><mml:mi>l</mml:mi><mml:mi>a</mml:mi><mml:mi>n</mml:mi><mml:mi>c</mml:mi><mml:mi>k</mml:mi></mml:mrow></mml:mrow></mml:math> CMB weak lensing",0.888222
"Dark Energy Survey Year 1 Results: Tomographic cross-correlations between Dark Energy Survey galaxies and CMB lensing from South Pole <mml:math xmlns:mml=""http://www.w3.org/1998/Math/MathML"" display=""inline""><mml:mrow><mml:mi>Telescope</mml:mi><mml:mo>+</mml:mo><mml:mi>Planck</mml:mi></mml:mrow></mml:math>",Large electronic bandwidth in solution-processable pyrene crystals: The role of close-packed crystal structure,0.011186
"Dark Energy Survey Year 1 Results: Tomographic cross-correlations between Dark Energy Survey galaxies and CMB lensing from South Pole <mml:math xmlns:mml=""http://www.w3.org/1998/Math/MathML"" display=""inline""><mml:mrow><mml:mi>Telescope</mml:mi><mml:mo>+</mml:mo><mml:mi>Planck</mml:mi></mml:mrow></mml:math>",Low Loss Superconducting Microstrip Development at Argonne National Lab,0.260609
"Dark Energy Survey Year 1 Results: Tomographic cross-correlations between Dark Energy Survey galaxies and CMB lensing from South Pole <mml:math xmlns:mml=""http://www.w3.org/1998/Math/MathML"" display=""inline""><mml:mrow><mml:mi>Telescope</mml:mi><mml:mo>+</mml:mo><mml:mi>Planck</mml:mi></mml:mrow></mml:math>",Distribution automation: Applications to move from today's distribution system to tomorrow's smartgrid,0.045535
"Dark Energy Survey Year 1 Results: Tomographic cross-correlations between Dark Energy Survey galaxies and CMB lensing from South Pole <mml:math xmlns:mml=""http://www.w3.org/1998/Math/MathML"" display=""inline""><mml:mrow><mml:mi>Telescope</mml:mi><mml:mo>+</mml:mo><mml:mi>Planck</mml:mi></mml:mrow></mml:math>",Presentation of an approach based on EMTP for the calcula- tion of lightning induced overvoltages,-0.027766
"Dark Energy Survey Year 1 Results: Tomographic cross-correlations between Dark Energy Survey galaxies and CMB lensing from South Pole <mml:math xmlns:mml=""http://www.w3.org/1998/Math/MathML"" display=""inline""><mml:mrow><mml:mi>Telescope</mml:mi><mml:mo>+</mml:mo><mml:mi>Planck</mml:mi></mml:mrow></mml:math>",Hydro-Qu补c's Economic and Technical Approach to Justify its Distribution Automation Program,-0.0142
"Dark Energy Survey Year 1 Results: Tomographic cross-correlations between Dark Energy Survey galaxies and CMB lensing from South Pole <mml:math xmlns:mml=""http://www.w3.org/1998/Math/MathML"" display=""inline""><mml:mrow><mml:mi>Telescope</mml:mi><mml:mo>+</mml:mo><mml:mi>Planck</mml:mi></mml:mrow></mml:math>",Case study of the impact of a magnetic storm on a Hydro-Qu&amp;#x00E9;bec distribution feeder,0.030541
"Dark Energy Survey Year 1 Results: Tomographic cross-correlations between Dark Energy Survey galaxies and CMB lensing from South Pole <mml:math xmlns:mml=""http://www.w3.org/1998/Math/MathML"" display=""inline""><mml:mrow><mml:mi>Telescope</mml:mi><mml:mo>+</mml:mo><mml:mi>Planck</mml:mi></mml:mrow></mml:math>","Distribution voltage quality at Hydro-Quebec: an integrated approach to control under voltage, overload and losses",-0.017607
"Dark Energy Survey Year 1 Results: Tomographic cross-correlations between Dark Energy Survey galaxies and CMB lensing from South Pole <mml:math xmlns:mml=""http://www.w3.org/1998/Math/MathML"" display=""inline""><mml:mrow><mml:mi>Telescope</mml:mi><mml:mo>+</mml:mo><mml:mi>Planck</mml:mi></mml:mrow></mml:math>",CCDC 703228: Experimental Crystal Structure Determination,0.035241
"Dark Energy Survey Year 1 Results: Tomographic cross-correlations between Dark Energy Survey galaxies and CMB lensing from South Pole <mml:math xmlns:mml=""http://www.w3.org/1998/Math/MathML"" display=""inline""><mml:mrow><mml:mi>Telescope</mml:mi><mml:mo>+</mml:mo><mml:mi>Planck</mml:mi></mml:mrow></mml:math>",CCDC 703229: Experimental Crystal Structure Determination,0.035241
Constraints on Cosmological Parameters from the Angular Power Spectrum of a Combined 2500 deg<sup>2</sup> SPT-SZ and Planck Gravitational Lensing Map,"Dark Energy Survey Year 1 Results: Cross-correlation between Dark Energy Survey Y1 galaxy weak lensing and South Pole Telescope<mml:math xmlns:mml=""http://www.w3.org/1998/Math/MathML"" display=""inline""><mml:mrow><mml:mo>+</mml:mo><mml:mrow><mml:mi>P</mml:mi><mml:mi>l</mml:mi><mml:mi>a</mml:mi><mml:mi>n</mml:mi><mml:mi>c</mml:mi><mml:mi>k</mml:mi></mml:mrow></mml:mrow></mml:math> CMB weak lensing",0.830227
Constraints on Cosmological Parameters from the Angular Power Spectrum of a Combined 2500 deg<sup>2</sup> SPT-SZ and Planck Gravitational Lensing Map,Large electronic bandwidth in solution-processable pyrene crystals: The role of close-packed crystal structure,-0.022739
Constraints on Cosmological Parameters from the Angular Power Spectrum of a Combined 2500 deg<sup>2</sup> SPT-SZ and Planck Gravitational Lensing Map,Low Loss Superconducting Microstrip Development at Argonne National Lab,0.257397
Constraints on Cosmological Parameters from the Angular Power Spectrum of a Combined 2500 deg<sup>2</sup> SPT-SZ and Planck Gravitational Lensing Map,Distribution automation: Applications to move from today's distribution system to tomorrow's smartgrid,0.046033
Constraints on Cosmological Parameters from the Angular Power Spectrum of a Combined 2500 deg<sup>2</sup> SPT-SZ and Planck Gravitational Lensing Map,Presentation of an approach based on EMTP for the calcula- tion of lightning induced overvoltages,-0.004816
Constraints on Cosmological Parameters from the Angular Power Spectrum of a Combined 2500 deg<sup>2</sup> SPT-SZ and Planck Gravitational Lensing Map,Hydro-Qu补c's Economic and Technical Approach to Justify its Distribution Automation Program,-0.019999
Constraints on Cosmological Parameters from the Angular Power Spectrum of a Combined 2500 deg<sup>2</sup> SPT-SZ and Planck Gravitational Lensing Map,Case study of the impact of a magnetic storm on a Hydro-Qu&amp;#x00E9;bec distribution feeder,0.079177
Constraints on Cosmological Parameters from the Angular Power Spectrum of a Combined 2500 deg<sup>2</sup> SPT-SZ and Planck Gravitational Lensing Map,"Distribution voltage quality at Hydro-Quebec: an integrated approach to control under voltage, overload and losses",-0.010328
Constraints on Cosmological Parameters from the Angular Power Spectrum of a Combined 2500 deg<sup>2</sup> SPT-SZ and Planck Gravitational Lensing Map,CCDC 703228: Experimental Crystal Structure Determination,0.057856
Constraints on Cosmological Parameters from the Angular Power Spectrum of a Combined 2500 deg<sup>2</sup> SPT-SZ and Planck Gravitational Lensing Map,CCDC 703229: Experimental Crystal Structure Determination,0.057856
"Dark Energy Survey Year 1 Results: Cross-correlation between Dark Energy Survey Y1 galaxy weak lensing and South Pole Telescope<mml:math xmlns:mml=""http://www.w3.org/1998/Math/MathML"" display=""inline""><mml:mrow><mml:mo>+</mml:mo><mml:mrow><mml:mi>P</mml:mi><mml:mi>l</mml:mi><mml:mi>a</mml:mi><mml:mi>n</mml:mi><mml:mi>c</mml:mi><mml:mi>k</mml:mi></mml:mrow></mml:mrow></mml:math> CMB weak lensing",Large electronic bandwidth in solution-processable pyrene crystals: The role of close-packed crystal structure,-0.013552
"Dark Energy Survey Year 1 Results: Cross-correlation between Dark Energy Survey Y1 galaxy weak lensing and South Pole Telescope<mml:math xmlns:mml=""http://www.w3.org/1998/Math/MathML"" display=""inline""><mml:mrow><mml:mo>+</mml:mo><mml:mrow><mml:mi>P</mml:mi><mml:mi>l</mml:mi><mml:mi>a</mml:mi><mml:mi>n</mml:mi><mml:mi>c</mml:mi><mml:mi>k</mml:mi></mml:mrow></mml:mrow></mml:math> CMB weak lensing",Low Loss Superconducting Microstrip Development at Argonne National Lab,0.284355
"Dark Energy Survey Year 1 Results: Cross-correlation between Dark Energy Survey Y1 galaxy weak lensing and South Pole Telescope<mml:math xmlns:mml=""http://www.w3.org/1998/Math/MathML"" display=""inline""><mml:mrow><mml:mo>+</mml:mo><mml:mrow><mml:mi>P</mml:mi><mml:mi>l</mml:mi><mml:mi>a</mml:mi><mml:mi>n</mml:mi><mml:mi>c</mml:mi><mml:mi>k</mml:mi></mml:mrow></mml:mrow></mml:math> CMB weak lensing",Distribution automation: Applications to move from today's distribution system to tomorrow's smartgrid,0.026852
"Dark Energy Survey Year 1 Results: Cross-correlation between Dark Energy Survey Y1 galaxy weak lensing and South Pole Telescope<mml:math xmlns:mml=""http://www.w3.org/1998/Math/MathML"" display=""inline""><mml:mrow><mml:mo>+</mml:mo><mml:mrow><mml:mi>P</mml:mi><mml:mi>l</mml:mi><mml:mi>a</mml:mi><mml:mi>n</mml:mi><mml:mi>c</mml:mi><mml:mi>k</mml:mi></mml:mrow></mml:mrow></mml:math> CMB weak lensing",Presentation of an approach based on EMTP for the calcula- tion of lightning induced overvoltages,0.007095
"Dark Energy Survey Year 1 Results: Cross-correlation between Dark Energy Survey Y1 galaxy weak lensing and South Pole Telescope<mml:math xmlns:mml=""http://www.w3.org/1998/Math/MathML"" display=""inline""><mml:mrow><mml:mo>+</mml:mo><mml:mrow><mml:mi>P</mml:mi><mml:mi>l</mml:mi><mml:mi>a</mml:mi><mml:mi>n</mml:mi><mml:mi>c</mml:mi><mml:mi>k</mml:mi></mml:mrow></mml:mrow></mml:math> CMB weak lensing",Hydro-Qu补c's Economic and Technical Approach to Justify its Distribution Automation Program,-0.052262
"Dark Energy Survey Year 1 Results: Cross-correlation between Dark Energy Survey Y1 galaxy weak lensing and South Pole Telescope<mml:math xmlns:mml=""http://www.w3.org/1998/Math/MathML"" display=""inline""><mml:mrow><mml:mo>+</mml:mo><mml:mrow><mml:mi>P</mml:mi><mml:mi>l</mml:mi><mml:mi>a</mml:mi><mml:mi>n</mml:mi><mml:mi>c</mml:mi><mml:mi>k</mml:mi></mml:mrow></mml:mrow></mml:math> CMB weak lensing",Case study of the impact of a magnetic storm on a Hydro-Qu&amp;#x00E9;bec distribution feeder,-0.006022
"Dark Energy Survey Year 1 Results: Cross-correlation between Dark Energy Survey Y1 galaxy weak lensing and South Pole Telescope<mml:math xmlns:mml=""http://www.w3.org/1998/Math/MathML"" display=""inline""><mml:mrow><mml:mo>+</mml:mo><mml:mrow><mml:mi>P</mml:mi><mml:mi>l</mml:mi><mml:mi>a</mml:mi><mml:mi>n</mml:mi><mml:mi>c</mml:mi><mml:mi>k</mml:mi></mml:mrow></mml:mrow></mml:math> CMB weak lensing","Distribution voltage quality at Hydro-Quebec: an integrated approach to control under voltage, overload and losses",-0.018408
"Dark Energy Survey Year 1 Results: Cross-correlation between Dark Energy Survey Y1 galaxy weak lensing and South Pole Telescope<mml:math xmlns:mml=""http://www.w3.org/1998/Math/MathML"" display=""inline""><mml:mrow><mml:mo>+</mml:mo><mml:mrow><mml:mi>P</mml:mi><mml:mi>l</mml:mi><mml:mi>a</mml:mi><mml:mi>n</mml:mi><mml:mi>c</mml:mi><mml:mi>k</mml:mi></mml:mrow></mml:mrow></mml:math> CMB weak lensing",CCDC 703228: Experimental Crystal Structure Determination,0.04656
"Dark Energy Survey Year 1 Results: Cross-correlation between Dark Energy Survey Y1 galaxy weak lensing and South Pole Telescope<mml:math xmlns:mml=""http://www.w3.org/1998/Math/MathML"" display=""inline""><mml:mrow><mml:mo>+</mml:mo><mml:mrow><mml:mi>P</mml:mi><mml:mi>l</mml:mi><mml:mi>a</mml:mi><mml:mi>n</mml:mi><mml:mi>c</mml:mi><mml:mi>k</mml:mi></mml:mrow></mml:mrow></mml:math> CMB weak lensing",CCDC 703229: Experimental Crystal Structure Determination,0.04656
Large electronic bandwidth in solution-processable pyrene crystals: The role of close-packed crystal structure,Low Loss Superconducting Microstrip Development at Argonne National Lab,0.089538
Large electronic bandwidth in solution-processable pyrene crystals: The role of close-packed crystal structure,Distribution automation: Applications to move from today's distribution system to tomorrow's smartgrid,-0.049405
Large electronic bandwidth in solution-processable pyrene crystals: The role of close-packed crystal structure,Presentation of an approach based on EMTP for the calcula- tion of lightning induced overvoltages,0.01499
Large electronic bandwidth in solution-processable pyrene crystals: The role of close-packed crystal structure,Hydro-Qu补c's Economic and Technical Approach to Justify its Distribution Automation Program,-0.012948
Large electronic bandwidth in solution-processable pyrene crystals: The role of close-packed crystal structure,Case study of the impact of a magnetic storm on a Hydro-Qu&amp;#x00E9;bec distribution feeder,-0.020476
Large electronic bandwidth in solution-processable pyrene crystals: The role of close-packed crystal structure,"Distribution voltage quality at Hydro-Quebec: an integrated approach to control under voltage, overload and losses",0.00391
Large electronic bandwidth in solution-processable pyrene crystals: The role of close-packed crystal structure,CCDC 703228: Experimental Crystal Structure Determination,0.557703
Large electronic bandwidth in solution-processable pyrene crystals: The role of close-packed crystal structure,CCDC 703229: Experimental Crystal Structure Determination,0.557703
Low Loss Superconducting Microstrip Development at Argonne National Lab,Distribution automation: Applications to move from today's distribution system to tomorrow's smartgrid,-0.008829
Low Loss Superconducting Microstrip Development at Argonne National Lab,Presentation of an approach based on EMTP for the calcula- tion of lightning induced overvoltages,0.072144
Low Loss Superconducting Microstrip Development at Argonne National Lab,Hydro-Qu补c's Economic and Technical Approach to Justify its Distribution Automation Program,-0.038686
Low Loss Superconducting Microstrip Development at Argonne National Lab,Case study of the impact of a magnetic storm on a Hydro-Qu&amp;#x00E9;bec distribution feeder,0.048464
Low Loss Superconducting Microstrip Development at Argonne National Lab,"Distribution voltage quality at Hydro-Quebec: an integrated approach to control under voltage, overload and losses",0.015234
Low Loss Superconducting Microstrip Development at Argonne National Lab,CCDC 703228: Experimental Crystal Structure Determination,0.096946
Low Loss Superconducting Microstrip Development at Argonne National Lab,CCDC 703229: Experimental Crystal Structure Determination,0.096946
Distribution automation: Applications to move from today's distribution system to tomorrow's smartgrid,Presentation of an approach based on EMTP for the calcula- tion of lightning induced overvoltages,0.365006
Distribution automation: Applications to move from today's distribution system to tomorrow's smartgrid,Hydro-Qu补c's Economic and Technical Approach to Justify its Distribution Automation Program,0.700836
Distribution automation: Applications to move from today's distribution system to tomorrow's smartgrid,Case study of the impact of a magnetic storm on a Hydro-Qu&amp;#x00E9;bec distribution feeder,0.501937
Distribution automation: Applications to move from today's distribution system to tomorrow's smartgrid,"Distribution voltage quality at Hydro-Quebec: an integrated approach to control under voltage, overload and losses",0.668833
Distribution automation: Applications to move from today's distribution system to tomorrow's smartgrid,CCDC 703228: Experimental Crystal Structure Determination,-0.10294
Distribution automation: Applications to move from today's distribution system to tomorrow's smartgrid,CCDC 703229: Experimental Crystal Structure Determination,-0.10294
Presentation of an approach based on EMTP for the calcula- tion of lightning induced overvoltages,Hydro-Qu补c's Economic and Technical Approach to Justify its Distribution Automation Program,0.370622
Presentation of an approach based on EMTP for the calcula- tion of lightning induced overvoltages,Case study of the impact of a magnetic storm on a Hydro-Qu&amp;#x00E9;bec distribution feeder,0.514575
Presentation of an approach based on EMTP for the calcula- tion of lightning induced overvoltages,"Distribution voltage quality at Hydro-Quebec: an integrated approach to control under voltage, overload and losses",0.45713
Presentation of an approach based on EMTP for the calcula- tion of lightning induced overvoltages,CCDC 703228: Experimental Crystal Structure Determination,-0.092621
Presentation of an approach based on EMTP for the calcula- tion of lightning induced overvoltages,CCDC 703229: Experimental Crystal Structure Determination,-0.092621
Hydro-Qu补c's Economic and Technical Approach to Justify its Distribution Automation Program,Case study of the impact of a magnetic storm on a Hydro-Qu&amp;#x00E9;bec distribution feeder,0.484536
Hydro-Qu补c's Economic and Technical Approach to Justify its Distribution Automation Program,"Distribution voltage quality at Hydro-Quebec: an integrated approach to control under voltage, overload and losses",0.681524
Hydro-Qu补c's Economic and Technical Approach to Justify its Distribution Automation Program,CCDC 703228: Experimental Crystal Structure Determination,-0.127135
Hydro-Qu补c's Economic and Technical Approach to Justify its Distribution Automation Program,CCDC 703229: Experimental Crystal Structure Determination,-0.127135
Case study of the impact of a magnetic storm on a Hydro-Qu&amp;#x00E9;bec distribution feeder,"Distribution voltage quality at Hydro-Quebec: an integrated approach to control under voltage, overload and losses",0.532545
Case study of the impact of a magnetic storm on a Hydro-Qu&amp;#x00E9;bec distribution feeder,CCDC 703228: Experimental Crystal Structure Determination,-0.090702
Case study of the impact of a magnetic storm on a Hydro-Qu&amp;#x00E9;bec distribution feeder,CCDC 703229: Experimental Crystal Structure Determination,-0.090702
"Distribution voltage quality at Hydro-Quebec: an integrated approach to control under voltage, overload and losses",CCDC 703228: Experimental Crystal Structure Determination,-0.103149
"Distribution voltage quality at Hydro-Quebec: an integrated approach to control under voltage, overload and losses",CCDC 703229: Experimental Crystal Structure Determination,-0.103149
CCDC 703228: Experimental Crystal Structure Determination,CCDC 703229: Experimental Crystal Structure Determination,1.0
